border.zone.1=116.63704243820886575 7.41209821816259939, 117.66668422034840091 7.41495041146492628, 117.97757329030186213 6.14429829527892135, 118.60505581681347564 5.78064364923242113, 119.35233046202276341 5.45264141946499414, 119.32666072230180987 5.0633170336975617, 119.09420696816228258 4.18198930327898477, 126.12201126509235394 5.02338632746500569, 128.30679133467367592 6.06158468951148599, 125.24924011458074347 22.353312832394721, 117.62817961076702034 20.68763194383662807, 117.62817961076702034 20.68763194383662807, 116.63704243820886575 7.41209821816259939
border.zone.2=103.58068194161045028 1.19164288787208816, 103.68835223877324836 1.19520812949999544, 103.7109915231104651 1.23620840822092948, 103.75350702952327708 1.26713687934302532, 103.84727288433722947 1.18656241855232025, 104.06475262363950662 1.29316314322674897, 104.05102644337208062 1.35680270628489463, 104.01590881333714833 1.38648334283722363, 103.9984391293603494 1.42431946961339873, 103.98123683850569421 1.42436403513374832, 103.89989362248896043 1.43180647703200092, 103.87543829319760391 1.43978370517443666, 103.85957296795344007 1.46117515494188033, 103.82909015203480863 1.47632743186048576, 103.80074648109294344 1.47610460425874201, 103.76268752671502682 1.44976638173257699, 103.74405913920924149 1.44588918146223033, 103.72146442039233705 1.45859035476164278, 103.67217495488655743 1.43002385621804939, 103.59017439744475553 1.2811304527326437, 103.59017439744475553 1.2811304527326437, 103.58068194161045028 1.19164288787208816